5
48 2
68 1 28 15 1 99 53 58 72 17 100 73 73 34 4 53 60 67 82 87 91 39 57 36 65 13 6 41 10 9 52 17 21 88 44 48 60 12 23 93 27 97 20 99 57 1 69 26
52 39 51 5 5 23 48 29 10 44 75 38 63 75 64 47 6 28 63 59 94 50 83 52 86 14 7 45 35 25 5 88 94 57 14 97 94 96 33 76 64 28 84 47 32 32 71 24
42 2
37 73 90 90 20 9 20 87 27 79 63 22 21 22 17 63 27 53 26 4 23 88 32 1 20 19 35 42 51 70 83 70 74 69 93 81 64 74 39 26 59 3
7 64 35 63 72 32 95 61 49 82 76 66 75 76 66 94 72 91 92 25 24 91 10 49 26 47 50 14 72 81 74 48 34 17 86 22 100 33 33 6 18 27
44 2
83 30 41 78 82 61 37 42 35 84 67 55 64 5 37 97 57 59 14 47 79 46 83 67 70 30 55 58 46 14 13 31 2 70 14 92 84 63 59 66 73 43 89 39
40 49 25 28 99 15 23 23 30 59 66 20 69 29 55 61 16 3 61 59 58 45 31 10 79 93 15 36 97 31 46 24 27 51 43 52 80 44 49 52 59 65 96 9
46 2
87 43 94 99 68 85 34 8 46 55 74 97 94 88 27 49 18 94 22 25 40 45 99 97 31 21 38 70 10 46 52 61 14 69 3 64 66 25 45 80 66 96 38 86 68 85
10 1 66 81 75 32 48 94 97 68 99 16 27 7 62 54 2 52 20 27 48 24 58 18 1 38 38 24 21 99 62 63 36 94 74 9 59 8 15 28 57 53 85 60 60 67
39 2
19 76 81 70 87 82 75 55 56 88 78 27 91 12 23 78 67 61 8 27 67 1 45 28 53 59 45 52 43 72 41 55 24 61 11 90 84 19 90
93 79 84 77 17 77 65 40 52 58 48 86 67 93 100 13 81 2 21 79 25 48 10 38 59 88 80 37 12 87 42 95 94 1 12 9 78 16 26